0 125 137 68 77 113 116 79 129 121 93 134 78 62 116 105 58 121 66 122 134 135 140 81 120 118 130 119 122 131 113 112 135 119 117 70 74 118 116 136 118 81 106 69 117 123 116 79 84 70 99 113 61 107 139 67 108 97 141 150 145 116 118 114 122 84 50 124 60 121 63 127 126 133 135 126 101 122 128 117 129 138 138 53 122 109 126 120 124 84 117 78 114 109 128 76 126 125 131 135
136 0 73 52 121 107 126 131 130 105 96 127 68 133 134 108 117 133 127 78 114 131 137 158 115 76 87 122 100 109 100 111 138 64 64 89 113 126 123 130 122 143 115 102 150 160 92 97 99 146 132 116 127 111 129 129 111 127 128 134 123 134 124 136 112 132 53 108 138 105 75 134 130 147 138 147 104 131 75 127 150 152 141 130 112 121 123 128 100 56 60 90 114 112 135 121 114 130 136 117
122 112 0 85 126 111 72 82 111 119 111 54 116 100 129 114 123 64 128 61 116 62 114 115 125 111 128 128 77 115 72 113 98 123 123 143 119 112 123 111 113 117 113 64 114 122 118 111 93 115 61 127 110 74 56 63 107 59 116 127 130 61 114 74 91 108 59 111 118 112 122 91 113 140 65 74 110 98 122 109 124 118 116 63 112 119 110 133 135 123 111 115 109 112 93 85 121 130 117 55
84 99 126 0 69 119 74 128 82 53 69 100 103 108 123 121 127 114 90 97 111 79 126 113 113 70 127 109 121 90 136 59 133 61 135 107 107 126 71 80 125 107 112 50 107 108 81 51 104 103 100 64 93 59 127 117 124 130 76 116 117 122 111 105 130 106 66 56 106 53 82 126 117 114 118 103 116 144 78 75 123 107 122 111 113 69 120 76 117 120 127 63 109 95 120 110 124 94 124 119
133 124 126 121 0 61 131 112 126 123 97 116 87 106 84 126 58 152 70 74 96 115 71 122 113 152 73 123 60 103 85 127 97 123 112 107 89 111 57 133 116 56 90 116 64 70 60 51 82 114 125 106 100 114 130 118 61 132 100 92 72 115 111 114 110 106 121 141 106 97 132 96 81 66 125 100 99 139 95 121 64 119 119 92 113 121 134 130 78 100 58 122 119 125 130 68 144 117 100 73
113 108 124 108 82 0 86 51 129 137 76 99 118 121 121 127 66 112 140 110 126 114 85 121 128 102 52 106 104 84 120 98 131 94 110 117 117 50 86 116 127 124 130 133 129 75 114 123 142 77 143 108 130 116 106 115 115 100 109 79 63 127 106 123 125 88 116 125 108 83 138 110 87 54 64 133 136 119 95 80 103 58 113 104 86 131 110 96 83 127 125 61 62 114 100 102 131 86 113 143
113 117 82 124 103 82 0 133 115 52 121 118 113 91 109 124 93 97 131 112 62 116 114 84 116 117 134 108 125 104 129 125 133 114 112 82 120 52 127 122 82 120 147 113 146 123 119 121 145 102 113 87 124 128 108 118 120 102 149 111 137 143 118 104 56 116 118 152 78 121 134 110 56 121 92 156 87 121 130 127 88 115 85 118 58 118 93 117 111 51 61 64 117 118 93 119 109 72 158 63
62 81 121 57 108 125 97 0 108 110 116 156 108 105 120 121 120 129 89 142 75 125 132 70 132 51 117 75 124 143 69 109 146 118 145 114 127 139 128 121 99 120 106 107 110 129 126 97 145 94 92 119 109 107 135 87 128 83 133 107 104 110 55 92 122 126 112 113 98 110 125 109 94 143 75 133 120 129 130 54 52 108 120 53 133 109 131 130 145 112 110 120 134 95 84 109 100 71 78 136
124 109 125 80 94 55 126 84 0 133 97 123 129 122 130 118 106 113 136 125 93 137 89 117 130 95 107 107 121 139 127 130 61 78 53 115 123 105 105 125 74 125 129 79 100 122 128 116 116 78 127 83 116 139 120 139 121 116 112 65 76 139 76 124 70 119 63 73 148 109 144 120 109 77 119 119 91 82 105 105 105 59 119 128 122 130 93 135 127 97 133 116 103 111 130 52 58 86 133 136
74 111 81 95 138 112 117 111 110 0 115 126 114 84 110 72 132 120 95 118 117 74 119 60 122 121 141 78 117 113 123 111 142 132 100 125 76 124 113 124 98 68 125 61 124 119 67 69 122 50 62 105 130 114 118 125 131 104 143 63 85 127 93 52 105 102 124 151 124 136 123 129 64 133 129 155 137 130 125 75 84 114 129 127 98 111 77 100 131 71 123 100 90 116 91 127 124 129 106 126
117 51 116 53 110 66 102 109 113 106 0 115 113 117 110 126 125 55 117 129 111 132 100 106 66 117 68 125 121 104 118 83 69 114 115 50 51 109 114 113 106 67 119 96 54 77 103 80 82 70 125 102 107 104 58 120 83 88 95 117 106 97 107 67 105 118 104 109 112 106 62 111 103 120 112 129 129 90 105 94 54 56 113 82 59 81 107 104 111 51 111 116 69 136 105 111 87 83 120 112
133 132 54 120 135 120 93 113 114 74 134 0 107 78 123 140 125 114 134 108 116 107 60 134 114 57 80 110 122 95 126 59 134 121 80 99 133 97 111 117 88 126 151 118 117 158 86 118 140 76 89 117 120 91 62 117 53 97 92 119 119 115 114 107 52 128 113 57 75 117 124 115 100 146 119 78 134 140 118 83 79 98 62 112 96 114 132 143 139 118 60 124 109 114 119 110 127 128 117 109
124 67 124 119 125 53 118 86 114 89 79 94 0 119 121 132 119 114 59 120 119 121 105 136 113 123 59 121 127 137 116 130 145 112 122 92 130 74 119 62 117 122 113 136 84 116 120 128 114 121 64 124 110 118 130 89 122 59 68 84 116 131 126 136 120 64 98 126 114 106 68 134 87 107 117 106 141 143 114 109 111 111 123 132 118 112 110 61 134 115 68 114 115 55 67 109 85 131 120 98
130 124 120 116 158 88 104 133 113 60 137 85 109 0 131 91 133 134 126 112 95 113 113 98 129 56 125 138 70 113 123 115 126 148 105 119 60 105 65 128 106 109 131 107 55 125 54 129 113 107 87 51 119 105 115 110 59 97 93 113 122 54 61 52 91 131 112 106 115 117 130 114 84 101 121 139 103 130 114 132 123 114 122 120 105 73 124 73 76 117 84 123 113 148 89 138 64 120 106 134
125 120 127 69 52 85 119 120 68 119 116 119 113 103 0 119 110 99 122 121 123 135 123 150 109 112 125 62 112 104 129 123 129 88 108 127 124 113 81 138 100 108 112 110 58 122 106 103 116 112 77 100 77 108 133 118 113 139 69 128 124 108 102 61 106 132 64 84 132 122 137 108 87 118 115 149 115 138 69 52 77 106 70 124 107 118 91 136 93 51 54 80 54 123 106 91 109 119 85 112
117 54 58 106 82 125 121 72 125 65 109 101 117 107 124 0 138 122 111 112 127 114 113 125 121 68 129 108 135 51 87 93 122 109 87 82 133 52 124 119 108 64 53 107 128 105 101 105 122 82 77 112 81 128 108 121 119 102 71 54 56 119 70 117 122 134 107 133 76 103 100 112 106 143 107 114 97 121 116 123 110 84 57 121 130 104 90 129 125 74 70 122 117 63 119 122 88 125 54 113
145 112 126 114 137 55 77 106 94 116 61 122 127 149 135 135 0 116 131 126 134 85 134 125 114 129 107 140 134 109 145 69 130 132 113 56 112 91 58 89 124 123 73 85 69 123 109 57 110 56 100 112 113 100 119 77 89 74 136 133 118 81 117 128 91 108 126 133 112 135 123 124 133 100 119 96 145 151 128 124 115 113 120 85 119 117 86 110 82 86 59 116 71 84 74 120 136 113 111 77
127 117 89 91 131 60 123 111 101 113 106 111 118 70 101 87 123 0 64 128 109 123 108 51 97 118 112 132 112 95 137 117 127 59 76 131 109 105 135 99 118 104 64 102 50 119 96 116 108 56 107 121 118 100 108 118 123 110 147 117 115 97 99 105 50 108 107 145 57 113 149 129 113 114 97 128 132 149 128 124 75 112 58 112 85 112 62 140 121 63 93 120 60 112 112 132 121 66 68 117
105 135 128 108 110 143 136 120 133 117 136 104 96 122 132 149 134 126 0 81 103 69 119 112 54 126 147 119 121 127 120 71 126 53 109 116 103 63 108 91 117 124 104 147 153 57 120 113 156 117 118 94 129 113 119 140 131 113 94 119 112 130 67 116 61 68 121 155 80 116 110 123 124 117 98 136 119 132 118 116 104 106 132 73 148 119 112 98 75 97 55 116 68 123 95 122 116 125 119 96
125 106 117 132 121 107 104 136 52 58 119 114 110 89 108 130 137 118 142 0 114 117 101 118 91 119 126 117 127 102 115 131 113 130 105 106 106 70 115 112 89 107 109 119 107 99 108 50 103 108 120 105 143 97 126 108 100 92 55 107 116 122 110 110 122 105 115 125 105 53 129 126 52 92 78 102 132 134 155 124 83 111 118 131 112 120 134 113 119 111 106 54 145 51 114 104 85 128 72 91
51 124 122 86 118 50 110 101 53 66 112 118 59 113 115 137 51 125 117 127 0 54 113 114 134 109 102 50 120 68 67 103 71 93 106 107 125 97 109 121 92 109 100 120 113 61 78 86 91 107 123 131 112 102 131 72 114 118 116 108 104 119 56 118 111 60 82 111 103 59 114 77 119 70 50 109 117 63 110 106 107 81 72 104 108 115 106 57 120 123 110 111 59 63 54 105 111 124 110 106
60 70 123 113 64 124 86 114 110 113 81 130 132 105 110 122 118 71 70 125 145 0 120 60 80 135 118 135 124 112 149 114 80 123 118 113 95 130 119 125 123 55 60 109 121 68 75 115 123 53 122 122 121 114 139 121 78 107 131 122 98 114 137 69 116 105 110 141 62 123 98 131 131 124 87 91 63 133 84 90 111 131 114 113 79 65 100 87 98 114 64 67 106 117 113 117 82 80 81 52
123 72 145 124 115 131 121 97 76 94 147 131 125 76 120 150 154 81 122 148 144 140 0 128 147 132 111 161 129 125 123 141 137 118 117 121 129 147 51 128 66 124 145 72 103 116 125 120 107 119 127 117 142 81 92 115 120 94 121 122 109 130 118 64 117 140 114 135 138 70 136 138 127 91 140 120 134 137 115 144 59 67 81 133 112 98 119 122 100 128 132 147 128 125 59 116 76 95 104 87
113 106 140 108 95 105 127 97 50 85 55 97 105 108 50 82 96 110 113 121 120 123 134 0 62 138 123 82 123 89 151 128 111 94 91 105 60 119 131 128 124 58 124 116 64 123 117 93 122 91 127 111 127 54 113 138 138 132 119 115 98 117 119 111 120 114 113 121 121 76 117 78 112 73 121 126 136 98 114 102 109 109 120 133 114 96 141 159 120 101 104 129 104 124 114 102 108 119 115 66
51 102 104 118 56 112 123 114 108 109 113 50 59 113 108 120 109 106 51 130 129 120 108 58 0 76 115 126 67 111 95 109 72 104 110 111 115 114 113 119 102 91 84 120 108 108 116 59 112 121 123 102 112 112 112 118 87 70 118 113 102 118 103 100 102 52 76 107 70 131 56 118 137 63 93 128 125 149 102 62 50 52 112 104 115 123 104 120 58 97 106 119 107 90 126 98 128 125 136 80
110 139 132 135 151 109 84 135 57 125 100 131 118 117 138 165 110 78 77 117 59 113 81 129 114 0 84 109 130 114 126 132 118 124 110 63 138 116 120 148 114 69 135 136 128 111 116 134 137 94 143 68 120 133 126 131 145 114 152 93 133 94 115 135 111 75 120 65 132 118 131 58 140 118 109 127 120 83 79 137 125 116 89 120 87 110 120 116 121 61 59 141 118 92 113 109 115 120 60 122
122 113 134 83 138 116 144 127 127 136 100 80 82 127 147 93 138 116 118 92 135 117 51 115 139 137 0 105 171 144 126 139 169 118 160 135 147 117 102 64 85 134 144 123 80 167 132 134 138 138 146 126 160 130 76 139 63 141 94 118 77 95 163 115 103 96 131 128 119 107 134 156 144 107 138 117 154 121 136 103 103 118 100 138 146 114 141 143 146 96 133 96 80 122 95 50 127 133 131 128
70 132 95 128 87 116 119 124 137 57 136 120 86 107 132 112 128 148 108 111 139 111 119 117 89 80 126 0 146 132 122 125 81 116 83 67 131 109 116 138 90 125 50 104 112 157 120 126 70 107 118 139 111 126 119 56 64 85 97 105 120 112 106 86 61 70 120 90 120 118 124 51 69 116 79 114 79 76 120 56 123 110 63 79 111 123 124 121 129 124 128 119 128 80 123 140 132 114 127 139
92 104 129 116 121 113 125 131 130 88 128 113 111 75 133 92 132 143 116 112 117 76 116 123 65 124 65 95 0 125 116 142 70 125 88 124 122 107 116 93 114 106 86 66 52 65 129 101 110 84 65 126 130 85 105 73 57 135 121 50 77 125 124 75 121 64 76 137 113 124 97 146 122 123 134 132 77 85 112 121 88 117 127 141 128 141 119 138 123 107 140 66 138 109 115 68 136 156 129 128
136 140 104 123 144 133 103 74 91 124 122 50 131 112 122 116 136 144 96 158 127 143 76 76 128 68 130 127 154 0 136 109 71 126 126 121 134 132 73 126 130 106 107 126 77 128 50 136 75 126 139 136 104 127 112 108 103 53 92 110 120 121 129 94 102 129 89 107 125 52 135 125 55 136 140 102 140 151 77 103 126 143 112 127 134 148 104 116 122 126 105 138 78 107 92 130 115 116 126 138
114 128 68 126 117 110 59 144 114 111 116 122 62 110 70 121 55 100 119 87 75 119 103 118 147 151 121 119 122 143 0 76 137 118 125 71 86 96 113 124 57 122 111 82 124 75 65 112 112 111 118 96 56 59 124 123 124 81 130 146 87 129 129 129 115 126 127 91 88 104 127 122 115 136 117 77 137 117 135 120 111 127 133 84 94 136 72 61 137 110 108 123 124 53 94 127 131 128 86 122
123 114 121 61 130 83 119 127 117 68 130 100 61 125 122 121 133 55 77 137 90 128 120 106 123 108 113 99 122 145 99 0 133 63 131 117 113 118 104 123 111 122 93 111 105 129 55 112 127 108 125 58 122 112 122 113 113 71 123 107 111 118 55 99 104 125 99 85 112 68 129 135 132 108 78 81 97 122 59 104 104 100 113 140 136 114 113 122 96 104 123 110 50 113 61 51 110 69 78 128
116 95 129 52 121 62 101 113 128 77 121 130 106 102 104 125 126 73 121 128 105 123 88 123 80 115 60 56 90 138 110 111 0 55 127 54 63 112 76 124 59 96 98 102 79 93 67 103 81 127 120 114 60 111 126 80 120 127 51 134 114 135 122 129 117 58 118 108 114 66 125 107 115 93 124 116 135 121 108 112 130 88 58 112 98 77 111 90 66 127 124 115 92 121 117 110 97 111 103 120
101 143 145 124 157 98 128 67 103 64 120 141 109 69 149 113 92 135 109 116 50 104 73 124 124 118 115 83 94 118 117 80 91 0 112 82 50 121 124 118 64 79 51 105 100 111 79 120 121 114 125 101 139 137 117 87 117 121 142 127 59 119 106 116 129 110 68 122 142 109 134 123 102 120 100 83 119 113 73 121 119 131 109 93 116 109 59 107 128 116 138 120 108 108 104 126 63 138 136 65
129 105 72 57 97 79 125 128 117 110 54 126 113 117 125 128 53 109 117 100 136 124 98 95 116 108 122 112 126 115 132 114 123 86 0 81 105 91 110 72 135 121 116 107 108 127 102 63 78 108 133 90 63 116 112 106 80 121 133 112 121 123 60 113 110 118 123 113 95 74 116 125 78 114 120 109 124 124 52 73 108 110 94 135 113 77 106 82 134 74 112 110 50 58 85 57 63 115 101 127
141 80 76 124 122 130 52 96 75 104 71 130 77 111 119 119 121 126 125 136 114 136 98 69 125 139 136 90 107 99 118 77 122 126 110 0 118 104 64 139 123 91 111 74 116 129 53 124 120 141 80 124 57 82 129 111 82 73 145 122 113 117 127 93 108 126 108 100 89 137 133 68 108 133 141 129 125 118 136 92 104 127 82 58 110 114 57 54 99 103 70 116 90 127 91 127 133 57 117 115
70 110 123 120 122 110 148 130 113 56 119 114 112 75 115 128 111 120 119 131 60 111 113 80 118 106 65 110 131 91 127 113 81 113 131 112 0 71 130 68 99 85 136 63 128 121 110 88 141 106 91 51 127 105 115 108 121 121 116 107 104 122 59 108 122 97 74 122 114 115 132 118 52 101 61 128 103 80 54 119 129 132 112 123 66 59 92 113 104 124 111 94 58 108 54 100 114 95 109 132
119 113 115 117 51 112 131 107 111 113 114 114 122 73 114 121 109 117 121 60 140 122 83 135 130 129 123 56 111 64 122 134 133 138 60 122 126 0 108 111 77 107 104 142 115 121 111 102 93 139 138 84 101 76 56 112 68 50 97 114 110 115 114 91 117 120 66 143 58 112 122 60 112 117 94 127 117 69 112 100 58 63 69 118 126 86 68 142 122 81 85 73 110 90 132 70 112 123 120 124
140 67 118 78 123 86 125 130 134 66 96 94 122 112 112 129 137 138 147 119 117 89 149 98 96 142 138 144 140 125 139 129 141 131 107 124 142 107 0 134 107 106 149 104 52 65 133 117 56 114 127 111 91 102 79 64 69 107 149 129 119 136 115 118 138 148 109 134 125 117 137 100 121 126 106 123 127 149 99 114 126 116 62 123 61 103 117 130 138 123 86 124 84 113 134 122 118 127 53 141
62 101 82 122 74 52 117 103 105 123 125 125 124 116 131 135 117 52 54 116 137 121 108 103 75 117 76 66 122 124 62 125 137 107 124 123 103 102 119 0 119 130 116 117 97 111 127 105 117 108 92 62 118 121 109 118 130 80 148 54 111 124 115 129 102 117 85 64 109 90 125 117 135 106 74 109 114 131 72 75 125 64 96 115 127 50 88 123 115 111 109 100 112 58 119 123 136 69 120 64
57 112 82 87 133 111 107 87 117 119 122 79 121 119 117 134 115 128 62 85 111 121 134 67 116 120 90 138 129 144 122 75 144 61 124 55 63 82 119 131 0 125 112 126 97 119 108 92 88 85 61 73 112 121 137 124 67 128 136 143 120 78 122 133 88 130 107 130 117 138 70 89 115 98 124 144 125 143 117 133 139 145 137 67 129 122 112 109 82 141 117 135 121 136 117 126 124 112 134 88
127 125 139 66 112 110 75 136 125 110 112 118 114 50 119 127 90 147 119 117 137 127 91 78 121 106 82 80 114 112 120 125 161 122 119 125 110 110 99 125 70 0 66 116 105 108 104 117 68 126 131 101 124 125 130 115 109 111 117 75 108 59 111 102 115 130 112 111 63 119 137 131 131 119 110 129 78 133 137 115 56 139 124 75 110 83 129 123 119 59 83 129 161 79 128 62 95 61 57 120
121 116 120 155 125 126 77 133 117 123 141 122 107 118 159 62 141 132 58 65 96 61 73 121 112 126 76 123 151 91 149 129 141 66 147 134 116 114 77 122 123 116 0 54 124 112 91 104 116 80 117 137 143 118 140 70 66 117 120 116 118 126 121 130 119 126 134 135 116 108 137 72 117 126 121 64 124 156 139 120 95 114 119 131 125 82 125 76 133 117 112 69 126 57 98 126 88 135 116 113
139 120 134 109 116 106 143 139 129 124 132 115 53 64 132 135 159 131 112 131 131 118 145 121 134 72 112 89 127 102 148 76 158 133 133 106 106 97 67 115 133 79 73 0 70 58 108 50 103 83 117 83 134 64 146 131 123 112 121 120 116 118 68 116 127 105 127 129 92 117 121 97 140 119 68 137 120 142 135 86 124 140 129 134 81 120 124 114 81 127 79 117 126 108 120 74 123 140 120 96
116 132 115 115 106 61 73 112 118 125 109 61 89 104 122 112 116 138 96 115 65 119 97 109 74 118 87 111 141 73 87 120 136 135 109 93 117 55 119 90 74 54 120 52 0 99 113 102 58 116 135 97 98 50 111 134 114 105 97 125 118 113 120 124 113 125 57 117 94 124 118 115 70 115 115 139 108 124 150 136 74 84 123 129 131 131 119 122 132 113 121 84 94 115 119 87 120 115 111 136
84 118 122 51 58 116 110 99 89 104 120 122 107 119 118 134 116 121 88 123 153 130 129 68 130 121 117 133 111 141 131 110 150 112 137 59 115 77 51 69 75 74 129 101 103 0 89 102 99 70 136 115 116 56 130 113 119 124 116 123 124 128 126 117 132 122 117 107 135 59 121 127 128 61 143 109 62 132 129 81 89 133 113 76 112 98 116 113 136 131 116 59 123 114 112 126 129 116 104 92
168 120 66 121 148 118 129 138 126 130 83 120 121 100 128 66 99 130 72 113 150 121 93 135 120 117 146 142 119 117 138 128 86 125 117 131 127 118 118 141 124 130 85 76 114 97 0 126 72 117 120 117 131 140 121 58 67 125 137 120 122 88 109 64 63 135 117 140 98 99 93 142 126 137 90 117 133 142 158 108 125 126 123 90 113 125 133 157 147 125 127 119 59 125 111 150 134 66 110 95
89 121 119 121 130 132 108 126 98 92 125 65 112 107 111 92 123 135 130 151 116 75 111 71 106 110 76 129 77 52 107 114 123 90 104 56 56 127 120 124 116 128 133 119 129 129 58 0 53 111 128 55 113 125 119 116 118 105 144 94 66 123 60 122 80 55 130 122 55 100 138 114 107 105 117 138 107 134 105 130 74 133 81 114 62 70 113 79 108 84 125 120 114 110 110 123 115 113 135 127
104 119 84 108 109 91 74 119 113 112 105 50 112 128 64 136 104 82 104 131 78 123 107 63 53 107 130 123 111 113 131 109 125 137 51 117 97 126 121 123 136 121 96 82 97 126 119 61 0 58 139 97 86 117 112 76 90 112 133 85 120 121 75 125 102 105 124 107 116 108 109 89 65 116 121 108 149 93 103 115 103 105 112 145 123 119 61 126 111 115 110 138 101 57 127 108 62 146 82 129
117 61 70 113 148 112 90 61 116 60 95 93 109 120 135 131 120 70 92 131 136 132 108 120 134 100 147 126 106 93 104 61 121 124 109 137 86 134 123 74 138 125 108 56 79 114 95 106 119 0 122 119 105 120 126 86 81 54 172 118 122 116 116 112 87 52 114 138 125 117 136 98 124 137 124 117 135 166 102 100 113 91 114 114 84 61 56 133 121 61 106 111 61 66 113 112 116 126 95 122
106 51 124 92 120 50 92 94 108 98 126 139 89 138 68 125 106 119 136 56 55 80 134 130 99 59 83 105 75 123 61 129 94 70 107 122 120 100 118 147 118 128 121 94 100 116 126 74 127 127 0 121 117 120 145 126 73 142 92 90 113 70 92 72 118 115 104 122 129 88 61 117 108 104 76 132 134 118 83 118 118 108 127 136 121 94 54 73 133 107 111 110 112 107 109 65 133 136 119 132
129 117 81 115 117 131 124 101 112 100 131 128 114 70 117 123 82 121 93 123 114 143 62 76 78 55 83 124 100 91 142 117 75 130 138 102 121 106 113 119 99 124 155 112 125 74 124 137 142 56 81 0 114 130 64 137 129 110 105 125 142 123 110 85 122 108 115 71 148 81 111 77 90 50 146 131 52 122 118 129 121 122 94 126 136 117 112 143 53 80 114 106 117 122 102 133 134 140 115 134
111 72 81 124 65 123 135 137 68 114 94 116 117 54 62 65 123 139 98 117 144 90 123 125 91 110 133 76 68 116 76 140 129 136 117 117 114 57 119 87 124 120 118 134 109 121 108 74 66 124 125 105 0 66 113 128 113 107 131 118 118 108 115 106 137 126 123 127 115 132 90 66 131 131 123 72 133 61 131 114 109 120 77 144 116 83 110 59 130 113 116 74 116 84 115 120 118 129 70 136
129 118 129 129 58 104 120 91 109 125 114 122 51 119 109 129 116 126 75 67 97 129 85 59 121 125 110 120 118 146 143 124 97 121 122 126 83 125 115 113 136 114 128 82 82 128 63 109 72 125 115 128 157 0 126 121 119 110 119 122 68 131 70 127 126 115 139 67 129 120 68 81 85 83 134 121 141 144 137 145 122 118 118 96 140 129 133 112 136 130 116 121 67 70 86 99 125 129 118 125
113 112 64 108 129 107 75 51 55 74 125 118 114 116 126 130 67 107 109 117 126 126 122 121 130 102 131 121 125 135 117 121 116 132 85 121 71 110 125 55 71 110 94 128 110 100 111 124 78 123 124 112 124 116 0 115 138 123 117 95 124 59 106 123 125 128 118 111 149 56 66 129 123 84 126 71 129 137 125 105 73 62 86 62 110 99 114 167 149 126 80 129 117 111 125 107 113 122 93 75
113 114 112 122 100 60 81 111 94 113 118 112 76 101 106 65 73 162 113 55 121 122 110 108 62 84 97 95 129 116 87 105 134 131 77 129 142 110 60 117 119 110 118 108 56 125 124 105 114 129 112 138 105 106 131 0 124 85 110 103 119 88 51 117 118 114 113 130 87 107 118 84 107 86 72 59 100 125 128 50 67 104 91 117 55 110 128 135 120 87 132 109 72 106 72 93 98 121 113 142
114 121 100 126 118 107 118 140 73 95 95 125 54 108 112 123 75 97 113 55 129 54 143 114 134 129 113 82 130 131 136 89 134 118 125 112 120 67 133 74 57 109 114 88 64 122 125 105 122 107 118 130 133 114 123 90 0 91 110 128 121 68 136 123 140 118 68 80 56 73 71 127 107 147 133 123 117 136 93 138 125 130 83 124 119 119 135 90 120 109 118 109 122 106 71 125 131 134 124 75
123 123 65 122 116 98 131 118 76 102 145 115 78 85 113 116 121 129 112 119 136 115 127 128 80 141 130 121 101 129 127 131 116 120 104 134 145 96 126 138 150 149 54 108 124 75 139 125 65 123 126 118 51 117 121 124 120 0 138 126 120 106 92 128 104 132 114 121 150 119 136 78 113 83 113 118 137 112 151 50 130 104 64 122 135 116 51 110 97 79 52 121 94 111 118 128 62 89 121 88
70 51 78 103 105 108 50 137 112 55 107 102 55 51 53 127 110 63 103 84 59 113 95 110 52 64 114 109 119 127 60 136 124 115 115 127 111 102 116 117 106 123 100 116 106 103 105 111 131 105 117 97 95 119 134 124 110 106 0 118 131 105 112 103 106 87 104 129 63 118 74 122 106 115 105 126 137 122 122 69 102 104 121 123 108 102 125 116 110 101 107 95 107 110 113 144 73 122 52 113
127 54 119 68 137 108 125 81 110 121 137 116 119 99 126 143 121 156 127 132 141 125 109 122 126 123 89 125 128 103 66 127 149 118 118 107 107 158 123 110 115 165 117 118 154 141 109 51 99 86 153 106 122 116 55 116 148 140 127 0 96 114 111 123 131 106 107 124 106 110 121 136 158 139 123 100 149 77 62 135 125 117 132 117 113 121 116 127 117 57 114 131 134 59 65 115 115 152 128 118
61 119 122 89 116 115 84 109 113 117 129 115 110 100 150 129 119 115 116 120 82 61 126 121 65 119 137 97 126 78 125 117 129 53 119 58 77 65 72 63 117 116 67 80 124 129 111 61 114 114 136 116 115 140 58 128 124 79 162 72 0 117 121 88 140 116 111 127 116 105 85 125 129 128 131 129 124 134 92 116 96 104 50 114 99 68 112 112 69 78 125 118 61 121 113 135 116 115 112 113
109 109 108 62 102 108 50 83 110 102 111 118 55 104 77 121 124 121 114 58 112 130 96 104 109 87 114 105 76 115 69 69 129 113 111 107 115 51 107 117 52 156 77 82 112 107 57 108 129 137 113 113 65 120 107 56 88 92 58 126 69 0 107 121 106 119 71 52 109 111 122 103 106 130 109 115 98 96 79 106 109 103 68 66 51 106 119 116 128 101 111 73 116 109 89 112 131 117 56 113
124 106 66 94 144 106 89 72 114 122 132 120 53 116 116 138 135 109 72 121 144 80 100 124 126 123 95 134 118 148 80 54 155 114 90 125 112 114 132 115 105 110 140 126 100 119 94 103 113 115 117 112 95 99 107 82 85 112 117 52 105 63 0 136 121 79 110 114 141 56 121 93 106 136 131 78 143 74 111 119 123 128 112 125 114 59 134 114 145 108 121 109 104 108 55 79 55 123 119 121
128 92 125 110 144 132 65 135 99 66 107 80 130 123 124 138 100 116 146 133 127 80 67 126 130 108 100 135 65 61 139 131 128 122 53 121 100 117 61 125 108 128 132 78 113 105 111 116 117 109 110 53 116 133 111 125 122 108 144 115 130 137 77 0 53 88 137 124 142 113 95 130 116 103 107 128 105 78 94 126 126 62 123 79 122 104 114 131 106 116 79 125 103 111 82 110 72 137 54 128
152 108 122 133 123 107 120 109 113 116 125 125 146 122 71 88 73 126 148 80 112 128 58 93 155 83 137 82 120 116 118 117 151 69 108 122 115 125 94 113 124 148 115 112 95 139 124 66 119 56 57 108 68 116 58 126 130 110 135 67 123 117 126 55 0 108 135 134 121 113 118 133 63 129 88 113 82 129 129 122 117 117 115 62 128 62 111 124 130 117 117 72 86 62 117 99 75 134 109 133
65 124 120 66 131 77 111 126 123 73 129 130 57 120 122 131 68 134 115 133 127 133 56 133 114 136 116 74 127 80 52 116 90 127 139 108 138 123 98 82 109 73 124 111 137 127 117 117 93 123 121 130 66 111 148 104 79 116 125 136 138 132 87 86 90 0 86 122 88 119 125 125 135 131 133 129 137 127 50 130 115 86 81 118 138 132 104 81 150 132 125 129 139 104 115 103 132 134 130 141
126 75 87 58 124 118 124 109 129 104 52 141 112 133 81 55 82 107 131 113 120 112 109 136 118 123 80 69 142 93 139 117 85 119 124 101 60 73 123 128 69 119 108 108 106 129 126 97 118 122 129 87 136 117 89 125 58 123 91 109 111 126 119 106 72 87 0 114 114 73 110 120 112 137 121 110 51 78 114 125 106 108 88 134 111 74 95 134 140 103 70 121 74 59 99 130 79 135 109 133
76 101 76 99 113 63 53 114 75 75 118 66 116 52 122 131 129 105 83 52 115 120 123 88 57 73 115 53 65 123 115 95 77 132 113 83 112 78 55 84 120 117 103 131 107 120 106 102 111 117 130 61 137 109 125 66 111 116 107 87 94 99 102 104 109 109 100 0 127 82 113 104 82 111 127 125 113 129 130 109 107 51 116 55 111 88 103 98 114 104 100 106 117 103 138 127 116 125 95 63
70 128 143 125 108 104 112 146 124 112 132 137 115 52 56 126 128 132 123 116 83 137 148 128 123 73 139 118 121 106 129 98 151 84 138 116 112 143 117 135 61 115 122 139 107 83 77 94 147 140 122 95 125 123 148 61 111 143 125 143 98 106 112 104 90 124 120 138 0 61 131 131 136 125 133 111 136 146 125 108 128 78 85 69 109 125 130 125 64 53 110 136 110 116 133 146 93 136 97 114
129 136 121 120 122 115 51 85 110 103 138 108 103 60 70 82 84 126 127 127 113 91 89 132 128 116 136 121 128 127 136 83 141 121 153 69 120 103 76 74 121 54 113 106 54 141 55 129 112 121 103 111 126 104 126 113 84 103 127 127 68 69 121 112 107 133 111 97 114 0 146 73 107 138 119 50 89 159 139 84 110 100 96 127 109 124 100 123 134 74 110 86 95 55 109 116 110 75 111 86
123 89 97 111 128 118 67 131 118 119 65 89 118 77 140 64 81 58 122 121 129 135 127 109 72 109 124 151 59 115 98 119 129 117 54 115 116 96 74 126 115 128 117 125 108 124 103 67 120 80 124 122 117 144 123 72 98 82 121 109 96 63 65 128 108 122 94 98 115 121 0 93 123 129 121 131 73 139 106 122 82 121 116 129 100 67 120 136 130 116 128 97 51 112 103 111 117 116 102 130
125 108 87 122 109 124 140 116 123 130 138 124 117 130 125 129 127 129 125 118 140 69 109 129 74 139 124 114 115 81 112 74 146 131 118 127 80 58 123 123 122 124 117 82 80 115 80 76 118 79 122 131 126 75 68 131 126 108 120 54 122 127 129 132 143 60 114 140 116 110 73 0 132 65 123 69 77 127 77 79 86 119 127 98 129 134 126 135 78 73 114 121 124 59 72 125 129 63 150 121
136 109 116 120 89 126 140 135 76 136 67 62 126 116 90 131 99 122 128 126 143 131 122 131 114 119 114 140 124 136 81 121 136 121 113 117 118 125 146 74 93 122 145 141 121 97 65 95 137 122 151 136 128 113 110 123 115 148 124 55 112 143 124 129 111 127 117 119 137 121 80 89 0 87 148 136 153 132 117 120 111 120 66 92 118 123 112 61 67 112 59 100 124 114 62 128 92 129 160 138
113 106 119 101 67 113 105 51 135 100 128 98 64 106 67 73 125 118 123 116 114 94 138 118 107 86 115 91 50 120 115 134 120 81 116 109 71 56 101 114 125 94 126 116 75 50 127 88 133 120 115 122 138 94 112 88 107 106 55 100 100 73 97 125 146 114 122 125 114 86 129 73 123 0 126 136 112 86 68 105 103 87 125 104 124 130 122 125 145 118 121 56 121 119 125 118 126 122 107 140
110 117 115 114 72 121 114 94 116 107 121 126 68 105 109 131 126 108 120 113 115 50 100 110 118 59 63 95 106 143 130 53 121 65 73 122 115 79 114 127 114 105 108 71 134 118 108 115 92 103 92 111 66 52 119 114 126 124 136 64 72 116 108 116 61 130 119 61 53 101 120 110 124 131 0 101 86 127 112 140 136 88 122 116 58 115 56 87 70 106 74 77 103 50 114 104 128 122 98 102
120 91 112 124 93 103 78 139 60 130 123 58 53 113 95 126 136 104 112 109 108 133 51 99 128 112 111 124 123 120 114 117 121 118 112 92 114 113 102 58 95 116 107 123 82 124 119 120 118 119 53 79 104 110 120 76 111 53 89 112 109 62 101 115 110 117 71 71 133 121 114 99 86 94 129 0 122 137 115 103 110 50 117 126 113 108 102 114 127 67 105 58 128 108 59 112 60 72 118 122
120 123 61 63 75 129 102 58 125 53 121 115 127 136 111 123 133 69 125 122 133 123 70 113 131 109 55 131 91 116 127 122 91 109 108 50 125 127 114 89 64 121 133 113 119 145 103 111 139 103 115 108 107 101 117 122 84 120 92 73 100 76 113 55 70 83 105 119 126 116 59 118 68 141 126 124 0 70 68 112 110 117 87 108 127 72 107 104 135 124 120 122 110 80 50 105 127 107 100 116
50 125 68 118 127 121 89 119 69 124 106 122 68 112 75 155 108 99 116 129 133 116 100 120 136 74 127 116 127 74 140 132 81 136 115 86 124 141 58 123 105 131 108 119 110 102 124 95 109 116 96 109 111 124 68 117 127 105 132 130 145 127 78 62 94 91 100 80 109 101 113 119 129 140 82 101 72 0 140 127 96 124 120 95 67 101 138 128 136 110 105 128 129 50 122 121 127 133 51 95
115 116 128 84 120 70 110 76 73 105 129 114 87 125 145 119 124 121 65 83 138 120 104 118 64 127 122 108 77 86 89 66 119 118 107 58 134 120 106 146 144 140 112 61 110 119 111 78 113 120 135 81 115 99 136 54 124 131 92 127 88 92 105 61 78 116 117 140 113 105 80 126 135 84 83 105 133 124 0 104 106 116 138 95 109 140 54 112 122 106 109 131 116 54 121 53 131 115 115 91
73 76 116 72 120 128 106 68 123 111 137 118 103 51 91 67 76 108 85 114 91 113 126 138 95 107 126 131 121 118 125 104 127 89 116 113 111 85 87 129 108 120 120 122 106 142 105 123 121 124 125 102 55 115 81 112 74 119 114 102 123 56 50 103 68 116 123 108 116 106 129 56 131 121 63 125 133 116 133 0 120 54 124 82 107 98 106 114 127 80 135 71 99 113 105 129 105 119 112 141
109 117 132 131 56 117 115 133 139 59 146 119 126 118 134 91 98 121 63 130 123 113 116 119 117 154 65 112 115 111 64 127 147 105 103 107 75 113 90 69 52 112 119 110 58 120 116 107 116 109 113 103 120 108 110 144 89 131 155 63 52 130 92 50 103 93 115 133 143 114 122 135 123 114 95 124 75 128 95 110 0 112 68 119 83 119 136 125 100 110 114 136 113 117 125 57 122 75 104 129
71 50 117 102 123 90 84 123 125 103 116 64 104 63 71 127 115 54 118 128 77 131 95 105 128 68 133 122 102 126 131 105 73 113 62 59 71 136 123 134 82 66 118 133 104 124 112 116 130 106 129 50 116 130 114 124 117 65 124 65 134 112 51 65 104 130 103 121 111 107 125 78 123 100 127 129 102 125 79 115 122 0 112 117 63 110 52 113 103 106 110 81 112 120 106 119 76 116 119 147
118 104 131 126 117 113 106 119 122 110 123 118 60 50 125 133 122 108 119 70 131 65 87 96 122 100 90 122 83 130 147 67 79 110 69 94 110 66 115 120 136 109 124 137 105 133 104 118 146 118 86 101 121 142 68 122 85 82 125 119 57 104 94 102 134 124 132 87 124 55 128 78 122 125 129 105 128 135 121 66 124 54 0 130 117 81 106 121 126 84 128 68 117 110 127 118 114 130 142 87
122 107 128 71 112 126 63 125 111 73 63 144 105 80 84 115 115 114 111 118 125 114 126 113 129 91 122 146 125 128 60 59 132 94 99 113 109 115 130 151 65 130 53 107 117 135 73 122 126 123 126 117 116 54 99 123 119 130 145 97 117 122 114 122 69 141 84 121 141 124 122 90 119 90 129 117 67 137 118 66 117 119 109 0 121 56 132 121 135 75 121 106 109 110 117 110 98 72 137 126
120 59 57 111 103 116 125 139 83 64 63 68 127 79 51 92 130 118 120 116 121 119 128 53 69 125 125 113 79 133 122 86 132 100 123 82 95 110 114 148 87 111 115 121 91 140 93 128 145 92 66 88 128 107 113 61 87 116 120 106 123 118 99 112 95 112 112 94 139 74 76 52 128 117 122 120 93 132 120 103 114 91 71 62 0 118 120 136 77 102 105 131 105 111 73 61 141 66 136 87
122 51 113 96 148 107 124 128 55 109 84 113 113 103 129 127 127 71 135 123 91 118 140 122 120 78 118 128 136 129 123 120 116 114 74 76 53 119 113 98 126 92 84 67 69 90 129 108 127 116 139 104 115 119 112 68 134 89 132 57 61 74 110 122 117 150 94 126 128 108 79 116 105 92 114 127 128 133 107 60 123 107 53 127 78 0 124 73 130 76 65 50 111 116 107 73 113 133 130 137
84 129 125 110 136 125 110 143 129 51 107 141 115 98 128 75 70 138 142 118 147 124 129 79 91 122 115 70 50 126 129 129 65 97 53 119 123 111 128 125 112 119 120 112 94 115 117 116 131 101 113 67 116 78 131 116 70 99 116 100 117 60 113 103 131 83 63 112 126 127 141 121 115 117 149 141 114 135 105 126 135 88 123 84 87 130 0 130 120 86 79 116 103 111 67 110 116 149 116 145
120 116 114 127 106 108 110 127 53 102 95 87 126 110 108 125 121 87 113 120 91 120 84 110 124 90 108 99 101 137 114 127 114 112 97 58 118 124 100 97 102 61 126 132 108 150 59 117 129 116 123 98 114 107 117 116 121 131 118 113 59 111 73 100 122 130 83 68 79 129 86 109 99 119 97 130 125 134 97 59 50 112 109 95 57 127 51 0 128 120 128 62 79 122 56 105 111 115 99 77
125 124 123 80 126 112 142 112 128 70 114 156 110 83 96 117 78 143 129 85 164 124 116 130 122 127 76 131 57 114 112 111 127 124 128 134 122 117 136 91 131 133 143 123 109 111 137 131 127 120 122 130 61 127 127 130 114 141 116 107 89 120 57 77 130 60 62 136 143 113 147 127 134 61 139 133 113 122 110 76 141 113 59 156 117 73 147 120 0 61 127 117 136 121 84 88 112 160 131 122
152 115 113 122 133 51 137 102 91 120 119 103 62 91 107 142 117 141 80 133 113 118 129 109 121 66 86 146 117 53 127 123 124 63 86 129 113 101 126 124 127 135 96 146 120 122 103 139 116 90 122 134 121 154 147 86 91 106 130 130 114 145 117 137 118 114 87 117 82 105 86 79 108 105 115 145 138 149 128 131 126 109 99 118 56 130 122 123 60 0 66 112 113 117 129 117 58 122 126 61
106 80 73 111 111 121 133 76 119 125 97 105 68 139 123 136 107 135 106 67 84 135 110 113 55 127 127 81 122 77 130 129 127 121 54 135 117 66 137 126 135 146 123 92 133 145 127 114 132 108 109 129 117 124 110 132 134 116 122 74 125 134 97 76 52 107 121 162 124 96 111 93 115 118 134 146 134 135 106 117 105 107 117 70 142 64 76 129 113 128 0 114 104 112 99 111 117 70 130 96
120 123 63 125 124 57 100 108 137 112 72 63 92 122 124 100 123 110 112 109 116 93 123 136 116 120 109 79 107 133 120 122 95 134 125 122 56 97 63 58 91 139 129 119 110 107 134 136 119 66 124 87 126 126 82 54 95 88 112 112 84 124 105 72 115 118 122 90 81 138 134 92 69 57 117 113 78 87 110 71 121 115 99 77 109 108 122 130 136 123 123 0 114 116 75 147 70 127 116 118
132 119 118 62 131 117 136 119 67 115 106 123 117 126 113 118 129 124 124 95 117 117 76 121 150 58 100 139 118 119 162 69 128 111 120 95 116 130 123 118 102 127 137 112 127 102 52 113 124 58 161 109 136 103 142 110 63 105 114 116 102 131 124 116 115 110 107 118 119 115 133 116 129 78 70 125 74 130 108 93 135 126 136 137 122 101 114 115 126 66 95 60 0 118 52 119 124 65 51 127
126 122 74 137 130 74 102 125 111 123 133 109 104 111 115 120 135 131 116 122 137 66 50 122 110 123 126 66 141 113 146 117 90 123 109 120 152 121 64 92 116 105 58 112 105 86 106 120 59 66 94 130 130 74 100 120 124 104 140 128 119 113 134 114 96 118 122 122 59 51 142 117 124 128 64 51 129 142 144 122 109 101 126 125 70 119 120 134 120 60 55 109 127 0 88 131 78 123 117 118
80 113 130 113 109 90 112 84 116 117 107 82 79 113 61 110 137 125 75 118 109 111 84 69 114 126 52 123 129 113 122 121 140 59 90 105 78 115 122 113 50 124 110 116 119 132 74 61 114 60 111 116 138 51 108 110 113 114 62 64 50 128 121 117 127 112 55 118 116 86 119 132 98 134 130 74 106 78 56 98 113 124 100 117 120 118 79 63 90 112 115 125 69 66 0 99 122 134 114 124
72 63 136 115 92 90 108 108 89 112 120 125 115 86 115 120 126 161 116 127 85 139 111 65 127 119 118 55 107 106 117 140 136 68 127 122 118 67 53 122 105 89 105 98 92 107 92 94 109 109 110 137 108 119 90 89 119 117 112 116 105 109 103 103 53 125 87 138 125 57 135 106 116 57 116 67 128 71 125 53 53 107 115 115 109 115 91 142 113 53 83 113 137 112 126 0 111 128 106 93
119 136 123 115 94 104 94 147 127 99 118 108 115 84 122 96 124 83 131 111 127 88 124 121 111 119 128 112 63 106 69 136 133 111 109 116 135 117 114 121 120 116 112 114 62 64 116 81 58 116 123 120 109 112 116 125 120 58 151 97 58 138 98 118 66 81 119 59 135 123 131 62 51 96 154 131 126 148 131 108 68 110 108 114 109 85 88 112 113 53 110 123 119 115 113 125 0 125 140 114
131 120 124 109 114 119 117 91 64 117 88 142 126 128 62 66 64 132 88 151 119 129 125 134 118 130 89 99 53 99 121 133 123 69 117 65 61 118 73 129 95 130 119 119 105 118 118 121 129 120 96 75 122 138 131 126 109 138 131 76 88 145 120 123 123 69 51 137 86 124 150 133 113 86 122 90 102 129 115 114 73 78 123 123 127 72 122 119 128 113 84 119 116 110 115 116 86 0 99 93
111 101 119 102 109 121 92 90 95 135 55 132 121 75 139 155 84 110 116 139 141 103 120 89 121 112 99 148 96 149 152 106 124 115 124 105 103 100 102 120 54 122 108 117 98 51 129 135 119 114 115 58 105 105 113 118 121 54 141 107 111 83 136 122 114 145 144 114 106 110 91 132 148 89 53 74 110 145 157 104 109 111 85 121 99 50 105 77 85 106 106 81 124 103 133 123 116 138 0 142
117 112 140 61 121 120 135 134 121 81 61 110 110 112 138 147 121 116 127 126 125 57 68 117 127 112 129 127 144 60 105 62 130 122 68 100 112 128 119 135 121 112 117 87 115 125 106 112 92 110 70 95 119 96 119 121 117 113 137 131 119 140 117 119 128 53 92 117 119 99 123 140 115 132 67 143 120 151 67 128 69 95 62 143 120 78 121 134 137 92 121 114 54 117 106 113 131 119 105 0
