100 2895
76 26 55
11 72 100
4 88 78
12 7 86
14 38 81
80 40 52
37 95 70
77 29 74
63 70 95
35 38 64
35 86 57
44 11 61
50 6 92
42 91 69
67 3 99
75 1 91
14 80 77
26 10 100
48 17 82
96 64 66
72 8 76
72 90 59
51 67 71
42 85 82
48 55 76
97 14 62
34 56 80
56 99 75
41 27 80
79 18 85
50 19 56
69 44 54
77 38 58
55 44 56
44 66 57
6 64 56
41 40 70
96 59 97
87 60 59
96 86 88
53 95 99
15 1 54
84 69 74
71 78 77
48 93 57
58 6 50
82 89 84
69 67 97
86 0 84
87 67 68
44 35 93
41 16 90
13 23 98
50 20 55
81 13 63
60 54 58
26 61 95
40 35 55
99 3 61
35 7 96
90 29 77
5 31 98
11 75 78
42 22 73
9 36 76
58 42 100
59 26 89
87 80 50
17 46 96
26 82 100
26 12 82
36 41 85
79 16 76
96 67 59
55 8 94
82 71 78
6 16 93
16 94 74
55 92 72
95 13 86
10 57 88
4 98 100
94 26 52
39 69 90
18 12 96
77 65 91
32 85 77
99 31 62
77 47 95
9 63 52
43 71 97
24 18 51
4 12 87
55 6 81
77 12 68
24 89 97
57 71 78
75 12 53
24 93 90
44 6 73
53 72 85
7 23 70
99 22 68
89 71 79
13 88 76
32 81 88
86 34 53
78 43 61
4 48 82
24 99 80
51 29 91
73 60 100
63 77 78
95 43 98
67 69 82
5 92 62
91 94 75
75 4 93
97 59 76
28 53 85
47 87 79
12 26 59
63 1 92
24 11 50
33 41 79
78 58 92
58 70 74
37 29 64
37 85 86
8 25 95
29 32 71
42 56 66
99 85 78
87 68 79
70 24 72
75 81 50
35 6 52
69 56 84
38 71 100
28 27 95
65 68 88
7 62 55
34 16 53
3 52 93
77 50 96
55 94 72
9 92 90
66 37 73
3 33 61
0 95 76
81 62 51
33 42 51
11 58 92
77 76 72
79 3 72
85 87 73
62 55 82
89 29 53
63 83 79
4 16 58
8 34 53
5 72 87
29 72 55
41 26 82
94 58 62
67 38 55
40 70 70
5 73 54
34 22 98
61 82 68
38 44 52
27 0 70
38 3 78
63 96 72
52 53 66
80 88 100
54 99 75
37 90 85
56 2 100
89 82 99
89 34 86
23 73 73
67 39 84
30 67 91
54 61 59
55 19 55
9 47 69
76 78 68
62 52 95
96 60 58
42 18 58
21 18 70
87 34 97
15 96 88
18 87 98
49 29 93
0 13 62
8 33 78
16 21 85
96 65 81
37 74 94
12 65 64
54 70 66
28 32 70
71 83 98
67 59 87
32 27 56
20 12 59
95 23 65
50 28 75
60 47 61
98 23 89
62 12 53
23 11 97
45 80 89
48 51 97
37 34 60
97 85 72
20 87 57
79 38 87
99 92 54
80 15 91
96 21 88
83 76 67
82 22 87
33 28 94
4 47 51
71 65 60
39 57 80
21 99 52
66 56 58
93 90 55
94 59 64
81 22 95
0 55 67
7 57 83
91 51 87
70 10 65
62 22 100
65 64 90
73 33 81
98 70 91
30 93 53
25 6 84
78 86 54
32 41 96
84 95 61
52 24 91
3 0 84
36 13 75
29 66 89
49 86 56
20 73 70
34 2 72
69 99 86
54 42 94
58 51 97
36 40 99
69 15 82
42 15 62
64 76 82
25 93 92
93 75 51
55 57 85
70 66 94
74 64 61
27 71 51
11 56 53
69 91 86
90 34 54
35 97 57
59 60 96
24 88 58
67 37 78
45 83 76
98 51 58
25 17 78
23 4 95
31 81 100
83 64 69
28 76 77
66 82 88
36 26 65
61 60 69
39 67 64
61 28 76
2 99 55
25 65 75
81 25 68
8 95 52
25 18 77
53 43 82
22 85 98
64 85 62
27 35 67
57 24 80
46 69 99
48 47 61
21 87 87
87 35 58
15 9 65
67 98 95
68 82 85
32 33 55
60 29 78
1 46 92
78 30 89
20 8 53
87 98 99
68 98 97
34 87 82
92 3 62
44 26 87
66 1 75
35 71 68
83 79 66
89 90 66
34 51 90
27 32 81
10 81 56
19 56 100
0 36 74
38 5 86
23 9 85
97 15 66
79 52 55
90 71 93
41 90 83
57 92 94
8 67 73
20 30 67
82 23 96
9 18 95
67 19 52
9 72 64
84 81 91
15 42 53
94 69 86
97 26 89
10 80 54
42 29 91
92 26 100
61 52 65
12 99 98
88 95 88
13 96 64
36 0 70
93 48 59
69 39 74
24 74 93
82 56 85
6 40 82
41 98 57
22 88 100
65 78 50
67 81 51
47 15 92
19 57 92
91 63 72
93 32 90
37 68 58
72 94 62
81 5 90
73 69 86
97 40 95
75 55 76
93 21 66
69 13 60
60 88 69
65 0 65
9 89 71
67 55 66
0 16 58
23 99 66
90 97 70
33 32 91
49 2 70
21 41 55
0 18 66
86 84 87
83 34 99
4 76 99
7 40 99
51 18 93
33 40 64
12 5 53
56 78 93
31 42 93
28 59 50
11 37 97
31 17 55
44 51 97
91 32 95
32 55 80
92 98 51
11 82 62
52 85 83
13 51 51
16 90 59
45 48 99
22 13 76
0 35 70
39 24 75
69 14 70
7 80 52
33 9 64
19 99 91
35 27 90
32 92 92
32 17 73
22 7 97
81 96 76
30 68 88
87 74 97
14 92 54
12 58 68
44 58 97
49 81 91
70 71 93
70 60 96
26 95 50
94 40 50
89 84 56
48 23 63
22 17 81
12 66 98
72 96 92
44 81 84
50 85 94
56 69 73
50 24 99
86 28 50
22 96 76
0 50 99
37 82 69
52 10 94
84 15 92
62 2 66
1 70 75
37 91 73
50 33 70
15 50 77
82 34 69
25 22 81
38 82 62
22 1 72
40 37 82
0 10 93
37 27 56
48 49 58
70 16 81
36 50 91
97 35 65
72 40 93
28 43 66
39 79 75
76 64 70
3 43 50
42 71 72
13 46 54
72 30 81
95 54 90
38 54 79
5 45 75
95 1 63
7 93 95
84 11 68
21 1 70
30 87 61
6 35 82
75 96 60
30 53 59
0 68 60
40 3 87
38 92 84
81 35 59
7 0 62
23 10 55
4 52 100
65 32 90
15 30 87
28 21 76
65 9 73
61 43 82
3 87 76
41 80 56
21 88 98
44 72 70
35 83 58
62 26 95
83 33 94
90 27 81
79 83 82
16 42 73
78 7 76
32 48 81
39 85 50
17 24 97
96 9 99
55 84 55
28 9 88
49 9 60
2 63 74
93 68 59
80 97 75
51 50 81
97 29 99
66 65 87
55 80 67
48 6 74
41 97 61
20 45 61
27 48 70
76 70 59
39 26 76
5 33 94
76 22 70
13 94 89
65 41 73
42 55 70
96 30 69
79 91 71
19 47 50
48 2 84
40 23 67
82 99 87
9 79 75
21 24 80
35 10 71
50 69 88
17 62 99
44 41 54
45 37 77
28 70 97
43 79 86
46 61 88
75 58 89
16 61 81
47 80 74
8 62 76
26 40 85
85 82 53
81 41 66
27 24 89
3 69 53
57 12 78
30 43 82
31 88 96
60 20 82
32 5 62
66 51 87
68 20 83
80 78 95
92 46 52
70 67 98
35 79 92
5 81 58
61 12 55
80 39 69
66 85 74
50 62 92
1 10 96
94 77 78
67 87 98
4 72 81
68 60 98
53 23 59
76 63 55
40 50 61
10 70 62
41 23 78
46 16 99
37 80 58
70 17 58
98 26 99
66 16 82
46 68 98
78 12 87
0 3 68
54 8 55
70 30 98
12 18 59
51 69 81
21 68 62
68 83 69
12 44 84
32 1 95
7 96 100
30 14 70
10 41 67
76 39 89
94 23 69
14 8 68
51 73 50
11 50 89
13 44 55
35 87 54
78 29 86
19 37 70
12 11 94
70 6 67
46 18 72
68 14 56
78 99 91
77 67 80
28 65 64
86 83 84
83 85 56
5 79 80
75 57 53
50 78 83
73 27 91
7 49 94
9 34 100
88 26 76
95 80 53
96 47 81
10 17 55
3 47 51
57 73 83
2 19 61
85 43 67
42 19 65
84 51 88
63 11 80
48 14 64
51 26 83
63 36 100
56 39 74
85 45 90
78 35 58
74 86 56
38 84 61
79 33 89
71 89 73
13 58 93
40 47 92
16 56 89
9 59 63
43 74 68
51 23 76
85 66 94
44 12 89
16 10 61
55 34 77
82 13 50
54 85 99
94 60 50
50 87 73
12 93 55
98 87 77
92 19 95
65 81 86
35 23 69
35 56 82
58 91 95
56 94 71
15 4 82
28 39 93
30 12 62
66 64 72
57 42 54
39 0 62
67 99 63
33 31 80
4 78 95
13 5 88
36 37 71
39 51 62
7 98 78
20 32 71
11 79 83
61 14 77
55 27 95
1 30 100
73 14 67
17 61 97
67 18 83
85 42 84
26 60 77
80 74 95
76 59 73
37 71 60
66 2 87
91 36 56
35 82 82
0 48 84
11 34 80
35 46 53
22 81 67
45 41 74
27 58 97
52 75 72
47 64 80
28 44 52
62 71 93
31 95 51
64 22 58
70 2 97
35 1 80
4 80 64
46 97 66
64 16 73
53 18 75
36 39 68
21 91 67
90 94 99
56 66 68
12 96 85
14 52 77
34 79 73
21 32 80
40 99 88
28 34 88
38 98 53
31 18 77
36 9 56
87 99 77
34 68 95
6 86 93
58 96 73
87 72 99
18 94 95
87 83 95
74 12 68
53 83 96
76 9 53
82 12 60
28 66 76
37 57 50
47 29 52
43 31 76
53 70 68
86 44 94
4 90 58
45 18 88
2 48 93
18 64 61
85 39 98
40 31 75
9 60 85
28 45 65
35 52 57
46 74 90
24 12 59
79 89 80
61 91 73
66 93 59
34 72 78
1 33 64
5 84 86
19 98 72
48 98 82
52 28 68
89 26 86
91 79 71
67 9 75
54 98 93
23 49 91
60 39 63
61 94 89
71 70 73
86 90 79
17 5 60
30 40 57
64 59 67
47 46 58
25 82 89
61 7 83
4 46 60
98 8 95
25 89 61
52 2 81
21 42 60
97 73 86
67 66 100
44 18 96
42 87 76
72 88 67
71 54 68
60 92 61
61 78 79
85 44 69
11 40 88
40 11 79
71 88 78
56 55 90
23 16 96
90 64 52
45 53 56
24 70 56
55 61 88
52 47 74
84 8 83
79 85 98
58 68 63
80 65 93
52 48 66
56 82 83
70 1 89
98 85 50
91 55 54
56 87 90
94 95 99
48 5 91
24 68 70
80 60 52
72 39 74
17 86 62
90 63 76
21 17 71
75 51 79
52 87 59
33 99 65
70 80 82
16 55 77
40 48 88
66 27 69
33 75 83
69 92 95
54 90 80
38 10 96
57 89 79
70 37 96
11 22 60
86 66 63
20 16 51
40 18 62
73 7 51
22 54 92
69 46 55
58 20 59
80 26 65
39 99 64
87 46 59
41 83 75
56 57 91
57 45 75
82 26 90
58 79 69
78 19 83
14 95 91
81 71 78
86 53 78
61 84 51
89 8 91
10 58 95
44 91 84
74 33 65
69 31 83
13 62 61
20 81 81
7 6 97
49 57 54
37 19 60
84 94 73
90 83 70
27 25 80
83 10 63
35 22 98
64 91 72
45 46 89
47 62 60
30 45 75
45 39 69
55 4 100
87 41 61
95 86 91
39 50 92
96 4 94
45 99 92
59 30 66
61 83 66
39 74 74
40 49 85
94 93 66
97 99 93
94 53 51
66 92 74
88 62 57
50 43 94
53 19 67
88 60 89
8 4 94
92 49 58
40 2 82
79 81 54
65 82 81
61 40 52
93 69 51
51 40 99
47 59 94
24 95 98
4 19 74
49 55 86
47 84 62
27 63 86
50 86 54
7 30 69
15 82 57
70 85 67
61 22 96
71 24 74
36 43 63
75 94 59
22 57 94
30 19 87
43 42 73
83 3 71
33 27 83
98 91 81
13 50 87
68 47 94
50 70 61
90 85 64
5 74 64
16 49 56
51 76 52
39 93 58
19 24 91
83 13 80
30 46 65
16 73 100
62 30 80
25 77 83
71 93 59
20 29 68
49 43 56
97 68 86
68 46 77
14 98 85
11 25 57
65 27 74
74 50 92
41 48 68
77 2 68
8 97 86
99 82 62
39 78 72
4 58 100
49 31 61
3 9 53
85 70 79
54 39 55
86 27 70
6 23 84
97 7 91
84 28 79
79 61 56
12 37 74
19 74 78
77 99 95
4 99 73
59 89 57
36 51 51
30 75 77
55 16 73
21 75 91
31 27 99
97 75 90
84 76 93
87 79 59
42 26 76
50 44 100
81 34 62
16 64 91
9 50 62
8 59 65
0 7 79
26 44 80
13 57 97
82 21 65
29 25 68
98 44 98
51 24 78
31 66 99
41 85 83
63 98 54
67 83 55
24 56 87
88 65 60
92 76 74
41 59 75
93 89 60
39 17 52
13 25 56
17 13 70
93 22 50
85 79 60
62 7 72
79 1 76
23 41 58
99 74 67
29 78 77
27 72 69
2 21 62
59 77 77
79 20 91
27 76 79
47 85 70
48 20 78
14 58 69
74 87 87
41 3 66
76 40 64
5 78 95
31 98 78
87 62 73
81 78 79
1 12 68
66 3 58
2 17 64
74 59 64
92 25 58
12 87 61
60 27 97
30 17 100
3 67 56
36 72 52
63 16 100
49 10 95
23 53 54
66 94 99
11 13 78
5 16 66
32 42 98
53 73 83
76 98 100
62 95 79
88 3 80
48 72 65
71 2 87
16 93 84
61 6 50
20 27 50
29 23 76
20 92 59
55 38 60
61 42 77
19 72 52
70 47 67
43 41 79
98 88 85
20 46 78
89 12 62
8 89 97
56 43 88
88 73 61
90 20 84
15 81 84
95 90 83
80 38 90
83 71 90
72 4 89
41 96 95
58 12 55
35 31 77
69 6 51
13 28 70
36 86 92
64 33 69
58 30 60
55 82 91
24 80 50
21 90 64
71 31 74
86 15 75
5 29 84
33 96 63
24 81 52
45 91 59
81 14 71
15 2 58
57 97 89
33 46 79
8 10 97
96 44 62
12 9 89
4 28 60
66 47 97
82 62 94
9 43 61
70 56 98
49 11 93
10 35 50
71 21 69
81 91 81
26 89 96
64 25 83
9 0 74
58 9 55
26 56 63
59 7 81
53 60 68
58 19 84
26 22 51
63 8 99
87 94 56
93 39 92
3 51 64
70 38 74
63 64 53
68 89 53
61 19 58
35 12 77
64 47 66
32 24 80
35 41 91
97 10 88
32 87 90
11 67 57
67 51 61
55 76 100
27 64 61
67 60 94
95 75 67
96 57 58
61 56 88
36 47 88
27 9 57
18 58 94
20 94 54
77 0 50
48 11 50
10 1 51
83 31 59
0 23 81
38 24 96
54 34 85
76 82 87
72 11 62
91 2 63
78 73 84
34 92 50
12 50 64
97 28 53
49 25 100
34 52 63
78 51 81
39 82 96
14 44 58
38 48 56
33 20 50
73 15 73
18 99 96
18 21 69
70 34 54
50 12 89
15 70 100
36 23 80
82 32 79
97 65 69
69 76 89
30 2 68
64 92 86
55 62 51
21 70 98
67 6 53
41 38 99
6 68 78
46 63 64
94 11 82
67 13 52
85 95 73
23 36 60
21 74 87
98 61 83
74 88 70
95 89 53
2 32 98
73 9 100
44 45 99
48 24 53
71 97 63
82 57 82
16 8 94
64 23 93
16 92 71
56 16 75
51 45 74
70 57 82
47 0 89
57 90 52
10 77 90
36 94 54
17 34 76
22 38 51
24 32 72
3 29 90
82 28 83
50 59 90
2 53 74
77 35 86
58 13 51
78 55 54
62 31 54
69 7 85
43 84 81
20 77 63
46 55 58
34 82 94
19 53 97
94 75 74
32 9 77
43 95 74
69 38 76
28 15 92
2 30 72
10 36 51
45 76 62
81 86 52
31 12 61
89 18 80
44 48 58
8 40 74
62 96 55
3 78 78
46 64 63
47 33 90
8 3 80
39 97 69
93 2 74
81 20 77
12 10 79
74 53 52
27 83 79
5 38 86
10 5 66
83 25 91
27 40 90
60 35 58
58 14 53
43 51 83
94 34 90
96 73 96
88 66 62
85 25 78
35 68 89
83 46 73
71 75 69
30 20 75
32 58 51
37 22 83
65 16 68
65 38 98
56 21 54
1 78 75
15 31 93
54 48 78
95 46 92
3 79 75
8 49 78
43 47 50
26 19 92
37 48 93
82 60 57
25 84 87
10 92 69
12 94 67
15 41 64
4 89 100
17 23 51
49 46 95
90 69 96
84 64 95
67 61 99
4 75 100
4 60 72
24 30 95
95 41 89
88 79 76
85 55 68
53 22 85
66 10 52
1 26 87
74 84 58
49 93 66
49 17 70
83 53 54
12 72 87
46 13 100
52 77 61
34 93 58
31 92 50
66 69 73
91 39 58
49 79 100
68 0 70
29 94 92
32 69 66
50 56 73
2 75 74
33 7 67
50 14 68
52 21 90
62 75 78
59 47 51
85 59 57
31 74 78
35 8 75
95 99 93
99 10 61
94 79 98
77 93 50
36 66 74
38 23 98
57 99 88
94 5 90
78 60 88
70 76 73
93 5 74
2 7 82
72 59 55
31 69 68
45 69 59
49 64 87
78 61 92
68 25 73
30 35 71
60 3 89
26 92 80
99 53 96
96 72 51
81 11 64
52 82 77
52 18 98
74 67 61
5 97 86
14 78 69
73 71 73
54 80 73
68 40 61
21 78 84
24 79 62
19 8 52
29 22 76
21 60 98
91 56 95
86 61 60
87 17 87
83 14 84
49 98 95
4 20 96
90 7 76
22 43 72
80 56 89
52 13 54
89 42 96
97 80 73
83 54 99
93 84 70
14 27 62
10 22 100
12 90 68
51 89 80
25 51 68
49 65 52
72 91 100
45 79 81
17 68 57
6 84 58
12 57 59
68 13 52
65 56 79
28 24 65
37 4 51
88 89 61
17 82 58
62 6 89
10 54 58
13 20 95
89 49 90
96 6 94
72 82 66
6 5 82
65 39 82
9 3 95
46 70 93
22 80 59
18 45 57
25 61 94
5 88 83
98 40 54
29 7 74
73 28 50
5 49 77
61 77 96
2 66 59
9 86 77
74 91 77
19 91 54
74 81 88
51 71 77
73 4 67
51 82 94
20 62 56
65 5 77
98 74 53
65 29 80
24 57 70
25 26 84
11 2 54
98 37 100
99 48 92
14 88 93
84 55 61
14 33 88
93 49 66
63 29 61
80 16 98
19 9 58
35 43 74
69 60 68
30 60 87
15 93 63
13 87 73
8 43 79
16 89 86
12 39 62
27 67 90
45 73 61
84 50 66
86 16 70
61 67 52
32 82 58
88 14 96
62 3 94
8 20 93
62 18 72
10 84 59
97 18 88
90 24 55
79 54 81
16 31 69
32 36 63
70 13 77
53 94 86
25 41 69
60 38 72
23 71 78
86 94 67
99 78 67
88 52 61
3 46 81
58 24 52
33 86 59
7 27 75
6 82 85
58 22 95
20 5 50
36 78 54
15 29 51
74 21 50
63 43 78
43 99 96
36 29 91
33 55 87
71 79 79
90 86 76
94 33 59
81 17 54
27 79 56
42 46 91
8 64 70
27 56 64
36 62 59
21 85 65
24 4 56
3 66 66
1 25 76
67 85 88
50 58 92
83 97 72
24 28 67
20 37 97
41 76 78
32 22 88
10 31 83
17 80 75
23 29 89
27 2 95
32 28 90
73 21 94
92 94 52
38 55 64
67 27 53
30 31 76
64 52 68
29 18 96
81 6 84
98 45 51
99 69 99
52 15 65
42 80 95
84 44 91
50 74 76
78 28 77
67 8 75
23 14 50
3 38 71
59 94 65
33 13 69
64 27 82
75 67 71
57 79 50
25 35 63
92 56 63
15 59 54
64 49 56
86 33 97
75 97 72
83 40 65
49 6 90
85 10 84
24 47 59
38 90 86
20 93 63
78 93 54
18 83 73
27 82 63
42 75 64
29 63 94
34 85 77
56 67 80
34 23 95
17 29 95
9 80 84
19 58 55
54 9 74
48 96 62
92 73 78
75 44 82
31 78 59
60 43 80
68 31 98
10 79 94
79 37 85
76 58 92
33 35 82
16 39 89
92 74 70
15 37 52
85 61 74
16 86 86
7 74 75
61 46 57
82 54 68
21 4 64
53 44 82
71 76 77
47 48 53
41 42 66
7 47 97
22 63 64
2 6 72
11 26 80
73 58 55
67 11 66
5 26 52
46 32 86
19 40 89
31 63 99
40 44 97
42 21 61
26 11 80
51 32 75
46 2 66
93 94 88
56 17 97
71 80 86
75 8 60
20 40 92
76 3 63
22 8 76
53 36 83
14 67 84
80 84 83
71 37 58
89 13 91
35 67 100
39 2 82
12 1 67
8 44 100
93 53 74
2 28 77
2 71 91
84 46 93
0 49 70
62 65 79
63 90 79
1 19 78
84 40 87
37 58 97
14 3 69
95 73 57
64 19 80
73 53 94
50 63 72
11 81 98
10 3 53
38 11 94
50 7 94
20 47 86
26 3 83
77 80 96
2 83 63
14 90 54
1 90 60
99 34 68
87 92 79
46 15 66
20 33 93
40 71 89
14 51 100
24 66 76
91 38 63
15 86 90
11 49 76
5 37 50
69 89 74
79 64 68
18 88 75
96 80 68
23 47 93
14 40 100
54 82 86
34 62 60
56 10 95
50 61 70
60 36 77
79 14 91
13 56 59
84 71 52
68 64 90
55 96 98
4 32 97
16 6 77
91 21 93
32 35 54
47 28 77
95 20 85
36 32 81
11 9 74
79 62 50
47 35 56
24 73 63
46 48 72
32 96 97
53 20 97
24 0 51
76 4 75
20 71 77
26 65 96
31 62 55
53 12 51
96 28 63
62 94 55
13 90 84
67 2 76
47 65 55
78 95 53
17 44 50
44 30 87
94 72 98
29 58 92
3 4 69
8 77 82
63 81 62
4 14 84
9 23 60
9 27 78
49 18 92
5 11 99
76 85 72
10 48 82
6 76 87
49 84 84
15 34 87
60 59 72
80 9 59
5 87 96
85 41 92
34 35 81
74 93 50
95 77 71
88 13 83
10 61 97
47 60 66
15 68 76
59 75 100
2 61 61
52 71 66
13 11 85
63 34 53
9 49 50
25 71 58
88 39 91
65 66 86
43 62 68
46 92 59
48 56 90
87 25 90
40 83 67
19 73 92
42 93 57
68 51 95
25 67 65
49 44 79
60 21 61
58 2 78
91 37 97
63 94 82
13 61 54
56 12 54
53 7 91
15 35 82
64 38 94
73 81 87
75 66 71
51 72 90
82 50 86
18 89 97
73 55 88
88 82 59
4 18 70
91 54 82
78 63 61
71 44 80
68 81 78
0 52 61
71 94 72
2 74 65
18 37 63
87 38 100
39 27 66
83 6 63
91 83 77
66 40 69
70 28 59
88 19 85
34 96 63
47 26 76
31 20 90
53 92 67
78 83 95
59 13 99
87 51 98
78 47 78
75 71 99
2 77 98
0 43 69
89 55 86
6 13 91
20 65 60
86 51 67
98 75 74
27 65 70
71 29 81
80 63 50
47 8 98
36 74 61
38 78 99
37 51 84
61 25 87
95 33 68
37 56 68
2 55 63
0 41 81
62 59 52
32 38 76
74 34 73
17 90 93
53 4 58
84 14 51
37 54 56
58 17 63
64 50 57
62 21 80
59 49 86
72 16 99
60 80 96
82 35 94
48 71 89
5 7 51
99 89 92
78 70 80
14 66 64
40 88 82
2 11 54
46 83 90
91 60 84
84 10 63
77 98 51
36 92 58
97 66 51
91 11 63
97 16 64
85 84 78
89 5 51
89 25 66
40 56 67
3 70 82
21 45 68
45 8 89
10 26 68
31 94 61
55 15 65
63 78 94
83 73 90
92 91 60
25 59 93
5 10 76
80 36 75
36 65 97
84 49 92
26 94 95
67 24 57
76 2 61
52 91 74
30 36 86
79 7 68
86 56 70
91 71 92
71 47 76
45 35 59
91 82 99
29 48 75
29 46 50
65 30 52
79 74 63
23 8 50
16 50 100
87 11 87
44 39 90
5 91 61
64 63 55
60 37 65
77 14 75
20 69 59
81 0 71
96 62 98
30 52 56
25 10 100
99 65 53
33 60 59
83 59 97
98 16 84
66 26 80
65 87 81
59 93 59
6 80 88
24 23 58
8 51 83
85 73 92
32 26 60
28 95 68
81 84 63
28 50 65
11 64 52
38 52 91
14 50 77
32 52 60
6 97 72
87 20 91
37 93 90
5 94 100
86 23 79
99 51 95
0 89 84
56 31 89
1 28 100
41 13 50
84 97 66
3 39 80
23 33 94
68 45 83
82 69 55
35 94 91
35 29 99
80 59 63
87 78 97
84 82 71
74 27 95
17 42 64
22 53 81
12 55 89
69 35 69
43 88 81
91 5 57
18 19 81
89 68 82
46 10 83
55 5 60
90 10 97
85 91 50
2 54 56
88 85 73
61 30 69
58 65 87
14 72 87
37 66 66
40 61 78
82 79 66
67 72 82
17 98 68
27 42 50
61 76 98
7 3 57
2 3 85
93 27 66
70 11 89
51 54 64
76 72 68
16 99 77
72 70 80
87 27 99
64 96 75
84 83 62
76 61 76
28 13 75
11 57 97
96 13 84
51 16 82
1 47 97
11 68 75
97 98 99
59 3 68
88 63 77
69 21 91
30 16 55
9 94 91
81 51 50
51 2 81
65 3 66
23 27 82
62 56 85
34 94 85
51 25 55
93 38 64
35 57 73
81 57 65
49 1 61
52 4 65
58 98 52
46 43 76
40 33 61
48 34 51
98 10 55
4 73 66
45 85 98
22 73 91
8 60 76
62 69 56
72 83 92
42 6 77
90 1 80
11 53 91
76 28 91
9 87 100
28 49 84
41 61 59
7 1 81
35 53 82
6 37 52
95 64 53
75 22 51
98 73 89
27 55 56
4 83 92
81 1 50
96 17 83
65 63 86
92 79 93
45 23 68
62 85 59
4 42 90
51 9 100
61 98 56
67 90 100
70 84 100
74 25 59
61 66 71
63 26 100
39 81 64
56 8 73
48 77 93
3 1 99
54 73 84
6 72 56
55 73 86
61 3 62
67 5 63
7 20 75
29 57 53
51 88 53
67 23 88
95 79 53
34 48 78
76 94 50
84 35 82
96 89 53
41 68 63
21 98 81
26 58 94
11 46 86
24 65 52
9 46 67
24 25 76
4 44 64
4 38 57
7 50 92
80 4 56
85 57 89
49 89 61
47 68 55
48 86 61
72 14 90
69 71 73
9 40 98
2 57 59
86 24 91
66 58 91
15 7 72
95 47 94
7 94 84
72 46 65
36 85 59
69 41 54
81 40 82
60 63 88
9 84 98
7 83 53
15 52 81
94 18 75
94 46 74
32 44 79
3 8 82
13 9 60
66 96 79
74 7 94
33 78 73
48 36 97
10 45 77
32 40 59
7 68 98
6 90 61
70 49 80
11 6 93
72 47 95
74 76 86
39 86 88
47 9 92
44 52 98
52 27 76
60 85 68
15 25 68
99 80 69
88 9 70
32 73 93
8 96 58
91 40 91
46 45 97
60 42 67
65 48 93
83 9 73
78 64 78
34 95 57
82 19 70
77 6 89
71 59 54
54 36 71
85 36 53
2 95 85
90 12 68
55 89 87
19 80 83
95 38 53
52 37 57
49 36 86
77 64 94
53 71 81
99 35 100
1 2 73
25 20 59
3 93 95
23 44 64
8 32 61
44 68 94
4 45 70
52 93 84
80 76 75
30 37 96
83 42 53
41 93 79
90 59 74
17 39 99
28 56 57
18 24 54
9 41 68
84 9 64
95 66 87
16 38 58
41 89 59
99 50 70
34 69 74
38 1 67
66 15 55
15 76 97
77 8 69
91 76 78
27 93 80
60 89 78
95 27 55
76 32 91
59 78 62
64 14 71
26 91 96
94 87 63
84 33 100
23 7 97
2 50 61
17 33 59
93 74 64
41 95 62
3 97 94
91 68 81
76 35 50
27 77 76
40 51 73
28 26 65
3 58 76
1 66 53
46 99 95
41 6 75
68 55 61
95 5 90
94 92 69
94 66 55
87 10 95
34 39 72
49 56 81
21 76 63
3 85 69
75 91 58
31 33 63
1 89 56
74 60 72
31 75 81
88 28 57
13 38 65
0 4 77
63 51 53
74 52 66
10 43 96
74 31 53
68 69 61
3 53 59
43 45 58
34 19 100
67 35 83
40 64 88
18 65 68
73 47 88
91 6 100
35 88 99
4 69 97
58 0 70
36 91 94
30 57 81
28 42 86
11 90 60
56 61 68
40 7 87
51 13 70
7 63 92
36 77 80
8 86 93
57 96 62
72 71 89
43 38 67
44 22 97
30 84 94
40 73 98
16 37 91
84 31 86
80 82 68
97 50 96
96 45 64
13 63 52
91 96 70
36 84 66
1 88 100
33 36 50
73 36 71
80 95 57
66 54 89
10 24 66
93 64 96
54 40 71
64 44 95
31 57 71
95 55 89
55 24 62
59 1 54
55 79 50
77 74 82
54 81 62
3 31 59
71 53 75
54 83 62
75 72 86
44 37 55
60 24 65
7 25 51
78 8 73
17 49 56
55 74 72
57 48 65
14 4 52
57 52 51
93 42 58
98 57 54
88 16 78
10 89 51
33 83 93
64 15 88
20 66 82
22 40 66
21 84 79
71 73 65
21 6 86
73 78 68
63 22 67
36 95 100
10 83 82
29 92 78
21 23 60
9 15 72
79 24 95
39 5 52
27 12 86
77 62 78
4 26 73
32 46 67
25 8 57
76 65 83
10 97 83
8 81 59
97 27 99
68 33 84
55 30 87
40 19 85
65 62 87
21 79 90
81 59 65
34 5 79
69 93 55
31 51 58
74 48 92
97 81 78
84 67 94
43 25 72
94 88 90
56 70 71
77 83 95
28 80 88
35 2 76
72 45 97
98 6 92
0 66 50
0 65 84
10 49 70
3 50 100
64 72 63
92 97 65
70 61 63
51 63 85
11 35 99
52 14 62
74 68 53
57 82 64
61 31 69
2 94 93
4 22 71
96 71 62
89 66 87
84 13 79
75 40 95
63 38 61
66 76 51
89 88 60
60 33 53
65 22 56
5 59 79
55 95 93
97 90 84
69 16 84
45 0 84
58 52 95
98 84 99
94 47 61
87 91 62
99 9 81
7 72 94
90 37 66
14 63 61
15 60 56
5 4 82
73 61 73
10 32 69
60 0 61
62 34 90
82 67 87
14 79 52
94 14 61
4 10 97
94 86 79
44 95 87
37 77 69
43 12 53
85 3 96
15 49 82
96 48 58
50 3 92
76 7 58
94 7 84
0 12 78
40 0 57
60 84 99
69 82 96
50 47 74
91 10 72
21 56 78
93 96 78
54 16 67
43 90 79
90 99 96
94 49 60
29 44 77
96 85 85
26 54 76
9 2 81
77 17 99
61 57 92
95 4 92
54 7 51
67 28 65
75 89 67
68 88 64
0 70 63
23 77 98
20 21 54
47 69 100
43 27 89
37 53 76
99 21 57
9 62 93
17 64 50
11 29 95
29 8 91
88 94 84
6 91 64
47 89 84
2 43 64
49 39 74
69 79 84
86 57 99
84 70 76
94 0 80
84 24 69
67 0 76
18 92 68
3 91 63
93 50 94
54 6 75
68 96 93
52 70 90
7 97 71
22 99 87
97 36 61
25 90 59
98 28 96
84 36 95
42 43 54
8 73 77
94 22 84
76 77 70
84 56 87
19 13 89
79 15 67
81 36 71
14 17 99
90 2 73
77 54 68
52 1 72
75 14 95
49 7 61
23 15 82
70 92 51
18 74 98
44 29 73
41 22 91
93 45 86
55 68 87
82 37 66
75 11 58
35 63 93
97 96 86
86 13 98
3 6 74
35 92 90
78 18 65
28 91 66
71 43 82
54 75 71
87 39 97
39 18 54
9 13 84
48 44 97
12 59 84
74 37 79
20 0 51
80 30 64
5 69 83
76 56 84
83 96 98
13 72 84
84 62 99
61 37 51
17 18 64
97 60 88
4 56 61
43 44 70
1 3 52
64 54 58
20 3 86
97 33 69
43 68 92
63 62 77
79 13 51
4 30 85
15 89 74
62 44 100
91 15 100
61 58 58
73 44 75
80 44 58
22 97 95
71 49 79
37 63 91
23 24 62
90 62 97
4 5 61
20 82 72
64 93 62
45 49 70
95 8 89
3 25 70
14 86 91
62 53 99
98 82 85
44 92 94
8 5 55
6 9 52
99 29 60
85 17 71
83 66 84
32 88 66
52 8 68
20 74 50
90 43 92
31 30 99
78 5 70
43 53 64
62 77 74
38 45 65
13 15 91
17 92 60
6 94 93
53 93 70
87 70 86
8 76 91
63 9 66
21 0 60
74 90 74
30 83 84
70 15 64
4 59 92
59 54 55
37 81 63
46 22 93
12 70 68
85 35 76
86 81 88
73 37 56
85 8 55
79 92 99
42 33 66
84 2 57
28 77 85
34 89 74
54 2 64
6 2 82
6 17 97
37 89 81
78 3 84
60 6 84
31 3 61
87 84 57
42 94 98
42 49 80
91 57 88
30 86 72
17 84 85
72 10 67
16 5 55
75 61 62
91 77 87
98 13 75
30 6 59
9 91 100
16 57 74
44 53 50
39 59 54
14 89 51
78 74 83
94 12 79
45 38 51
15 62 70
18 90 55
20 48 91
86 65 83
57 62 92
74 26 63
11 80 79
94 78 56
18 33 53
73 25 86
71 36 80
20 55 72
94 36 78
14 91 80
56 44 64
31 11 100
57 8 76
36 20 60
87 8 53
80 62 92
32 45 93
53 48 72
67 31 95
5 65 88
56 68 56
17 89 63
30 51 96
87 86 51
52 39 87
52 30 76
23 60 98
62 61 63
6 51 87
43 37 97
72 87 61
75 39 58
6 20 62
66 90 70
73 41 94
50 5 50
44 24 74
13 85 73
0 91 78
22 69 70
73 11 98
55 25 84
53 62 70
23 85 96
40 26 90
50 1 51
31 97 69
91 49 66
38 56 69
66 77 78
74 98 98
63 28 65
31 46 55
31 5 83
49 92 61
3 18 90
57 37 96
23 34 91
58 25 64
67 25 73
37 86 68
45 4 58
99 43 87
85 90 65
92 8 67
7 79 54
85 60 61
3 21 79
31 67 85
35 90 70
76 17 69
37 40 77
50 95 65
34 37 91
18 62 67
0 57 97
78 24 64
63 65 88
39 30 62
10 63 67
21 97 80
54 69 56
84 88 77
10 44 54
40 36 63
17 15 87
45 7 99
16 44 69
44 43 52
85 20 91
76 93 80
78 31 66
33 66 68
28 55 73
60 82 50
11 31 59
30 98 86
10 85 81
86 32 65
3 11 100
57 5 98
34 78 52
50 30 61
33 16 92
73 45 50
53 46 63
28 0 92
1 35 89
21 46 75
56 9 95
18 68 80
73 62 97
45 3 51
79 56 74
48 42 96
97 8 64
77 84 67
53 67 67
57 13 85
16 43 85
3 19 97
0 83 53
82 31 67
27 34 83
70 62 65
70 55 72
77 63 62
10 47 80
74 43 71
60 78 92
93 54 100
34 10 54
48 59 85
34 47 63
44 5 61
92 35 95
73 12 64
51 49 56
6 89 51
4 41 56
26 39 64
61 55 56
46 56 67
82 91 68
24 42 84
48 62 75
89 70 86
82 25 100
87 66 83
21 49 53
91 73 57
51 22 62
19 45 99
21 63 69
75 23 99
63 6 65
79 0 73
84 99 87
42 38 77
4 36 89
89 33 63
57 88 97
73 91 56
7 55 87
69 22 89
82 81 54
99 81 95
18 51 94
36 97 95
10 96 87
28 63 75
92 89 66
27 4 87
31 9 68
6 74 92
27 74 79
95 44 92
50 9 98
34 3 57
38 9 66
18 31 71
26 15 93
45 40 75
32 65 58
66 32 85
85 34 74
54 45 100
2 64 91
75 73 94
91 67 90
17 3 91
16 53 100
3 10 69
86 89 86
42 20 96
17 74 97
66 36 60
10 56 83
37 13 73
19 93 51
43 49 83
8 7 84
50 32 94
22 82 81
56 19 55
62 46 94
15 58 71
64 83 62
21 96 82
91 12 92
89 96 58
47 23 71
95 69 57
75 6 78
47 51 55
50 25 59
47 82 81
81 32 73
14 5 85
7 18 89
75 35 92
6 99 63
92 31 69
52 98 70
1 34 64
85 1 51
90 19 67
55 26 97
13 36 60
97 51 75
39 4 74
29 38 73
15 90 70
57 86 51
84 23 53
69 75 50
28 60 77
79 71 56
5 6 86
27 57 85
55 75 59
16 88 82
12 35 92
72 73 87
39 66 85
11 84 96
16 83 85
74 4 72
14 82 70
35 50 80
18 39 91
23 69 76
17 97 66
15 98 54
56 37 67
49 71 98
2 13 100
4 71 96
42 96 88
55 71 84
67 32 77
55 12 76
39 44 97
65 12 57
57 2 65
5 60 63
50 21 80
5 22 85
47 21 75
17 2 89
69 86 100
50 26 83
29 69 52
16 47 57
0 47 79
59 48 99
32 84 98
95 0 72
56 40 57
47 11 65
82 85 81
16 35 56
34 4 97
64 74 88
87 22 84
63 21 80
97 38 73
47 36 56
66 86 95
92 22 76
22 94 59
77 25 74
64 95 99
34 33 86
83 30 60
25 78 79
31 76 97
66 14 81
80 18 63
44 80 74
21 86 100
11 54 62
77 32 81
91 72 69
73 77 86
30 94 94
16 75 96
81 63 65
19 69 53
21 10 81
32 3 52
1 91 90
46 42 85
95 37 67
56 27 82
33 22 73
29 11 50
9 21 74
21 36 95
69 61 69
85 89 76
22 9 94
89 56 91
84 1 59
48 52 86
70 91 97
8 66 63
98 7 90
96 15 96
86 9 51
54 59 95
48 43 82
8 22 89
43 13 64
49 85 61
60 57 79
1 48 99
44 20 65
69 97 75
44 40 74
4 95 68
91 27 79
53 32 97
66 29 93
92 90 95
25 98 60
33 44 100
24 41 91
78 53 99
33 5 98
38 21 89
25 49 94
60 70 85
13 64 91
99 66 92
58 1 51
83 89 75
65 52 66
20 9 66
89 99 61
75 50 53
71 46 80
19 96 85